[gd_scene load_steps=9 format=3 uid="uid://f2apn1s8jhl7"]

[sub_resource type="ORMMaterial3D" id="ORMMaterial3D_vytwi"]
albedo_color = Color(0.18717614, 0.18717614, 0.18717614, 1)

[sub_resource type="StandardMaterial3D" id="StandardMaterial3D_gl4or"]
albedo_color = Color(0.63424206, 0.5122314, 0.5611509, 1)

[sub_resource type="StandardMaterial3D" id="StandardMaterial3D_eete0"]

[sub_resource type="StandardMaterial3D" id="StandardMaterial3D_0cfwr"]
albedo_color = Color(0.09411765, 0.13725491, 0.27058825, 1)

[sub_resource type="StandardMaterial3D" id="StandardMaterial3D_sgvbp"]
albedo_color = Color(1, 0.56078434, 0.14509805, 1)

[sub_resource type="StandardMaterial3D" id="StandardMaterial3D_w2v1k"]
albedo_color = Color(0.99607843, 0.7647059, 0.38431373, 1)

[sub_resource type="StandardMaterial3D" id="StandardMaterial3D_o36l2"]
albedo_color = Color(0.6039216, 0.5137255, 1, 0.5803922)

[sub_resource type="StandardMaterial3D" id="StandardMaterial3D_j77rl"]
albedo_color = Color(0.29803923, 0.17254902, 0.69803923, 1)

[node name="Node3D" type="Node3D"]

[node name="CSGCombiner3D" type="CSGCombiner3D" parent="."]

[node name="CSGTorus3D" type="CSGTorus3D" parent="CSGCombiner3D"]
transform = Transform3D(1, 0, 0, 0, 0.01071607, -0.9999426, 0, 0.9999426, 0.01071607, -0.014933765, 0.73908484, 0.09662396)
inner_radius = 0.401
outer_radius = 0.446
sides = 64
ring_sides = 64
material = SubResource("ORMMaterial3D_vytwi")

[node name="CSGBox3D" type="CSGBox3D" parent="CSGCombiner3D/CSGTorus3D"]
transform = Transform3D(0.9946055, -0.10372998, 0, 0.0011115777, 0.010658262, 0.9999426, -0.103724025, -0.9945484, 0.01071607, 0.0007012822, -0.100027435, 0.31706837)
operation = 2
size = Vector3(1, 0.72558594, 1)
material = SubResource("StandardMaterial3D_gl4or")

[node name="CSGBox3D2" type="CSGBox3D" parent="CSGCombiner3D/CSGTorus3D"]
transform = Transform3D(0.99999356, 0.003630273, 0, -3.890226e-05, 0.0107160015, 0.9999426, 0.0036300647, -0.99993616, 0.01071607, -0.33050066, 0.012476273, 0.021947682)
operation = 2
size = Vector3(0.33544922, 0.13537598, 0.5336914)
material = SubResource("StandardMaterial3D_eete0")

[node name="CSGCylinder3D" type="CSGCylinder3D" parent="CSGCombiner3D/CSGTorus3D"]
transform = Transform3D(1, 0, 0, 0, 0.01071607, 0.9999426, 0, -0.9999426, 0.01071607, -0.4211244, -0.009968594, 0.8220229)
radius = 0.023
height = 1.7700195
sides = 64
material = SubResource("StandardMaterial3D_0cfwr")

[node name="CSGTorus3D2" type="CSGTorus3D" parent="CSGCombiner3D/CSGTorus3D"]
transform = Transform3D(1, 0, 0, 0, 0.01071607, 0.9999426, 0, -0.9999426, 0.01071607, 0.28898787, -0.11539858, 1.7513871)
inner_radius = 0.573
outer_radius = 0.818
sides = 26
ring_sides = 3
material = SubResource("StandardMaterial3D_sgvbp")

[node name="CSGCylinder3D" type="CSGCylinder3D" parent="CSGCombiner3D/CSGTorus3D/CSGTorus3D2"]
transform = Transform3D(1, 0, 0, 0, 1, 0, 0, 0, 1, 0, -0.14440942, 0)
operation = 2
radius = 1.0
height = 0.21594238
material = SubResource("StandardMaterial3D_w2v1k")

[node name="CSGPolygon3D" type="CSGPolygon3D" parent="CSGCombiner3D"]
transform = Transform3D(0.9768369, 0.21398522, -1.8707185e-08, 0.21398522, -0.9768369, 8.5397794e-08, 0, -8.742278e-08, -1, 0.25355184, 1.3302026, 0.075473845)
polygon = PackedVector2Array(-0.008888125, 0.45815527, 0, 1, 0.51586616, 1.0902832, 0.27171838, 0.47265446)
mode = 1
spin_degrees = 360.0
spin_sides = 19
material = SubResource("StandardMaterial3D_o36l2")

[node name="CSGPolygon3D2" type="CSGPolygon3D" parent="CSGCombiner3D/CSGPolygon3D"]
transform = Transform3D(1, 3.105881e-22, 0, 0, 1, 0, 0, -7.1054274e-15, 1, 0.011709511, 0.20596367, -1.4901161e-08)
operation = 2
polygon = PackedVector2Array(-0.019111693, 0.13382292, 0, 1, 0.51586616, 1.0902832, 0.27171838, 0.47265446)
mode = 1
spin_degrees = 360.0
spin_sides = 19
material = SubResource("StandardMaterial3D_j77rl")

[node name="OmniLight3D" type="OmniLight3D" parent="CSGCombiner3D/CSGPolygon3D"]
transform = Transform3D(1, 3.1058797e-22, 3.5527137e-15, 0, 1, 4.973799e-14, 0, -4.2632564e-14, 1, -0.008972466, 0.7701055, -6.7055225e-08)
